136
633
811
727
703
186
956
905
233
550
825
611
71
94
359
662
59
271
43
31
641
583
650
636
975
916
210
152
733
850
361
329
882
32
242
848
860
691
488
951
474
8
297
882
194
305
855
631
779
298
582
540
651
222
501
829
233
906
138
86
538
74
894
34
749
194
868
7
737
514
170
528
777
780
805
561
105
775
971
541
661
786
324
678
257
90
156
750
674
102
861
448
30
860
97
134
40
223
232
258
340
82
320
749
766
82
114
601
741
362
621
971
705
447
876
551
434
111
84
794
343
557
149
350
278
92
570
244
376
472
20
92
770
2
403
77
249
56
998
623
887
281
951
912
867
928
370
760
788
600
197
439
765
559
406
920
963
367
639
855
717
263
587
285
653
49
914
834
842
287
972
201
673
193
100
544
973
454
901
855
699
302
222
652
187
797
493
852
641
669
923
16
363
661
204
693
734
507
53
959
872
104
748
684
74
814
269
333
626
545
576
519
13
331
688
397
636
94
175
336
952
415
243
785
61
543
410
563
841
246
340
104
665
492
189
741
280
411
655
319
484
531
821
661
841
847
241
329
575
944
619
505
777
560
502
214
500
481
201
838
122
186
856
825
380
582
332
423
133
592
605
611
547
805
950
271
105
587
131
649
289
194
21
171
347
583
791
384
738
555
601
860
658
149
29
499
446
788
163
47
239
155
31
772
881
524
997
663
986
480
623
44
457
108
108
422
119
916
478
140
231
686
108
625
662
922
661
952
963
167
561
315
842
840
218
612
645
41
555
797
786
924
943
200
222
387
178
543
970
736
142
646
969
18
853
415
651
688
513
470
678
692
997
572
535
250
65
446
339
959
210
608
453
329
281
920
591
223
957
175
687
422
967
238
557
362
958
406
846
202
770
278
201
290
437
644
15
440
97
435
110
478
818
986
268
426
498
598
905
200
725
478
175
365
487
525
594
155
894
967
310
194
88
201
426
770
483
199
612
660
869
927
627
694
729
971
443
143
410
249
6
282
955
678
267
647
983
438
621
444
551
250
856
877
263
995
200
294
871
58
204
907
935
611
781
892
303
40
243
930
596
799
59
530
109
478
653
658
615
74
707
493
624
219
122
882
633
524
138
491
991
859
467
301
679
121
372
974
890
245
707
752
860
522
348
48
93
58
313
332
321
737
924
42
856
540
312
423
360
571
991
992
962
373
343
760
259
605
250
612
436
344
254
45
779
705
824
751
957
55
689
653
735
984
52
637
518
587
799
216
190
119
144
268
617
793
551
602
884
288
457
413
958
860
337
761
896
357
231
161
433
926
341
864
175
416
785
353
775
65
44
404
648
552
890
160
807
939
226
896
826
550
838
961
688
796
342
403
324
181
824
441
169
885
453
40
664
779
382
45
209
81
825
112
633
119
671
392
373
891
138
384
434
578
265
609
504
48
656
282
249
278
732
471
315
759
105
383
435
618
988
521
810
307
732
842
34
827
910
761
935
102
896
138
162
561
328
646
501
785
575
389
618
498
980
225
720
222
253
67
134
882
290
620
982
258
40
693
302
676
980
714
992
844
415
939
223
141
642
272
865
865
994
677
967
169
295
411
391
161
180
862
304
510
455
973
125
356
76
971
154
547
79
471
49
260
717
225
189
800
934
588
432
548
283
847
483
352
229
670
508
815
972
831
249
331
472
758
227
354
228
114
619
310
801
196
739
359
933
588
865
146
774
837
284
400
135
369
914
65
320
741
782
715
885
700
697
77
248
386
873
489
62
768
107
672
285
439
673
920
933
530
672
200
384
830
633
640
166
725
558
284
507
475
127
338
130
461
472
104
931
247
905
213
305
966
161
107
696
555
737
587
617
451
761
203
538
734
815
331
477
412
321
583
55
756
310
297
151
339
949
632
583
264
900
548
873
820
280
154
198
227
107
870
323
439
407
757
430
130
838
809
574
885
117
270
451
90
860
608
868
218
340
943
778
636
440
318
531
703
116
98
627
787
2
465
310
134
786
909
942
262
603
770
474
135
835
318
982
937
981
14
691
129
618
276
845
826
93
110
252
764
26
850
964
623
208
803
396
388
938
673
464
691
711
410
918
799
378
860
472
493
829
291
319
49
969
643
1
698
508
137
371
769
593
837
567
387
937
43
477
720
138
848
215
348
446
834
297
969
418
937
3
119
725
28
328
920
406
784
655
620
528
971
945
684
137
914
271
798
396
251
736
228
889
949
319
956
622
974
699
76
427
663
705
78
452
54
724
897
535
980
863
686
99
486
998
691
563
637